F1 	 F2 	 num_edges_between 	 s1 	 s2 	 s12 	 s 	 d 
MZ22527955	MZ22502417	0	0.637575	0.976782	0.800257	0.936875	-0.136619	
MZ22527961	MZ22525525	0	0.107368	0.800000	0.596474	0.718514	-0.122039	
MZ22506124	MZ22502935	2	-0.077963	0.658373	0.618806	0.542109	0.076697	
MZ22529550	MZ22500923	0	0.132869	-0.320375	-0.379403	-0.291133	-0.088269	
MZ22528378	MZ22500047	34	-0.113230	0.011255	-0.014193	-0.001849	-0.012344	
MZ22520218	MZ22501769	45	-0.025833	0.049232	1.000000	0.036721	0.963279	
MZ22529090	MZ22510443	0	0.000000	0.592566	0.494435	0.522852	-0.028418	
MZ22530036	MZ22503567	0	0.000000	1.000000	0.882353	0.882353	0.000000	
MZ22530060	MZ22519951	29	0.135346	0.085862	0.616240	0.091360	0.524880	
MZ22530469	MZ22514802	13	-0.500000	0.568998	0.937500	0.435373	0.502127	
MZ22528973	MZ22523515	0	0.000000	0.866667	0.764706	0.764706	-0.000000	
MZ22528743	MZ22509609	0	1.000000	0.973748	0.973554	0.976665	-0.003111	
MZ22523465	MZ22521375	0	0.000000	0.939481	0.751035	0.763328	-0.012293	
MZ22518275	MZ22521994	40	0.182012	0.063264	0.480736	0.089652	0.391084	
MZ22503562	MZ22502439	44	-0.126194	0.082937	0.090679	0.049916	0.040762	
MZ22529889	MZ22503048	6	0.860393	0.617537	0.904762	0.640666	0.264096	
MZ22517038	MZ22509079	15	0.317636	0.694442	0.930158	0.631641	0.298517	
MZ22523409	MZ22502636	1	-0.500000	-0.077600	-0.074543	-0.114330	0.039788	
MZ22521610	MZ22508066	41	0.185783	-0.041804	0.885830	-0.005869	0.891700	
MZ22528924	MZ22500579	0	0.000000	0.120987	0.019723	0.108252	-0.088529	
MZ22526808	MZ22526813	27	0.376604	0.110907	1.000000	0.157795	0.842205	
MZ22518275	MZ22524179	52	0.182012	0.215234	0.857420	0.207417	0.650003	
MZ22500754	MZ22500106	48	0.057893	0.020922	0.102157	0.030165	0.071993	
MZ22525200	MZ22515996	0	0.174105	0.875000	0.558673	0.734821	-0.176148	
MZ22528012	MZ22510440	28	0.098254	-0.108728	0.226219	-0.082855	0.309074	
MZ22526117	MZ22519193	13	-0.198798	0.020272	0.081347	-0.020804	0.102150	
MZ22518487	MZ22509506	30	0.462806	-0.178887	-0.007983	-0.058570	0.050586	
MZ22517798	MZ22522989	52	0.145891	0.206283	0.506113	0.192073	0.314040	
MZ22527985	MZ22504918	28	0.074567	0.086849	0.094440	0.085314	0.009126	
MZ22528586	MZ22506269	0	1.000000	0.642857	0.687500	0.687500	0.000000	
MZ22508040	MZ22507529	30	-0.339057	0.345305	0.944444	0.231245	0.713200	
MZ22528119	MZ22500047	34	0.039781	0.011255	0.286976	0.014258	0.272718	
MZ22526867	MZ22500187	0	-0.250000	-0.290564	-0.310606	-0.283189	-0.027417	
MZ22515259	MZ22523467	0	-0.362948	0.911947	0.571863	0.686966	-0.115103	
MZ22527779	MZ22526291	9	0.554426	0.606106	0.937500	0.593186	0.344314	
MZ22530626	MZ22512571	0	0.000000	0.961750	0.850355	0.854889	-0.004534	
MZ22528749	MZ22521853	0	0.794342	1.000000	0.891291	0.975805	-0.084514	
MZ22528626	MZ22503849	0	0.000000	0.084059	0.023443	0.073552	-0.050109	
MZ22530733	MZ22505306	0	1.000000	0.832013	0.840013	0.853011	-0.012999	
MZ22530567	MZ22505306	0	0.000000	0.832013	0.715013	0.728011	-0.012999	
MZ22501194	MZ22503731	16	0.092974	0.634207	0.809027	0.544001	0.265026	
MZ22522073	MZ22515097	26	-0.532704	0.168061	0.369506	0.051267	0.318240	
MZ22528569	MZ22516011	0	1.000000	0.800000	0.823529	0.823529	0.000000	
MZ22527961	MZ22516164	0	0.107368	0.444721	0.284969	0.407237	-0.122269	
MZ22526841	MZ22526881	0	0.070786	1.000000	0.651936	0.825772	-0.173837	
MZ22528442	MZ22507303	0	1.000000	0.045967	0.059652	0.165221	-0.105569	
MZ22528979	MZ22514124	0	1.000000	0.866667	0.882353	0.882353	-0.000000	
MZ22528769	MZ22508297	20	0.611647	0.217636	0.920092	0.287167	0.632925	
MZ22531075	MZ22502785	0	-0.500000	-0.041163	-0.179329	-0.095144	-0.084185	
MZ22528939	MZ22506238	0	1.000000	0.203701	0.206246	0.297383	-0.091137	
MZ22514725	MZ22502949	48	0.190943	-0.083889	0.488326	-0.040494	0.528820	
MZ22518279	MZ22526701	0	0.129083	0.774830	0.471314	0.660875	-0.189560	
MZ22528949	MZ22524582	0	-0.500000	0.866667	0.705882	0.705883	-0.000000	
MZ22529513	MZ22519442	0	0.000000	0.809524	0.739130	0.739131	-0.000000	
MZ22512069	MZ22507380	17	0.274786	0.636622	0.917236	0.582347	0.334889	
MZ22530326	MZ22521243	0	0.000000	0.848376	0.731534	0.742329	-0.010795	
MZ22528198	MZ22512960	0	0.000000	0.642857	0.562500	0.562500	0.000000	
MZ22530621	MZ22525617	0	0.113901	1.000000	0.773014	0.895753	-0.122739	
MZ22513245	MZ22516531	40	-0.097203	0.399156	0.937500	0.213021	0.724479	
MZ22525742	MZ22519193	11	-1.000000	0.020272	0.146357	-0.219792	0.366149	
MZ22515311	MZ22506271	0	0.500000	0.769231	0.705882	0.705883	-0.000000	
MZ22529810	MZ22514452	0	0.000000	0.800000	0.666667	0.666667	0.000000	
MZ22528963	MZ22525996	0	0.129838	0.928571	0.697125	0.828729	-0.131604	
MZ22528701	MZ22509677	0	0.141355	0.412352	0.168719	0.378477	-0.209759	
MZ22530775	MZ22510771	0	0.000000	0.807123	0.680268	0.706233	-0.025965	
MZ22531113	MZ22517197	0	0.000000	0.902250	0.776310	0.789469	-0.013158	
MZ22528316	MZ22520576	0	0.000000	0.849237	0.722788	0.743082	-0.020295	
MZ22530524	MZ22518136	0	0.889989	1.000000	0.899062	0.987058	-0.087995	
MZ22530913	MZ22524141	0	0.000000	0.954057	0.842605	0.848051	-0.005445	
MZ22529418	MZ22521351	0	1.000000	0.933333	0.941176	0.941176	0.000000	
MZ22528606	MZ22524282	0	0.000000	0.866667	0.764706	0.764706	-0.000000	
MZ22523747	MZ22513314	6	0.867858	0.514403	0.823529	0.576777	0.246752	
MZ22511815	MZ22511180	32	-0.071848	0.014943	0.339945	0.005300	0.334646	
MZ22528597	MZ22513334	0	0.064228	0.941176	0.743092	0.848866	-0.105774	
MZ22528743	MZ22522532	0	1.000000	0.768608	0.766663	0.795831	-0.029167	
MZ22520185	MZ22521381	14	0.333333	0.582084	0.532204	0.538187	-0.005983	
MZ22524065	MZ22525160	60	0.194004	-0.108248	1.000000	-0.024289	1.024289	
MZ22528405	MZ22515097	19	-0.146848	0.168061	0.144481	0.131013	0.013468	
MZ22528472	MZ22519883	0	0.666667	0.159592	0.166402	0.249076	-0.082674	
MZ22509954	MZ22507549	0	0.822823	0.640358	0.495253	0.697378	-0.202125	
MZ22521951	MZ22520299	16	0.750608	0.362536	0.888889	0.448774	0.440115	
MZ22527715	MZ22524202	1	-0.250000	0.969778	0.788284	0.664834	0.123451	
MZ22522919	MZ22506943	52	-0.006484	0.018766	0.494268	0.012825	0.481443	
MZ22528939	MZ22524733	0	1.000000	1.000000	1.000000	1.000000	0.000000	
MZ22528880	MZ22502673	0	1.000000	0.882124	0.880990	0.896859	-0.015868	
MZ22530775	MZ22520491	0	0.000000	0.740677	0.624087	0.653539	-0.029451	
MZ22522161	MZ22502612	0	0.000000	0.500000	0.428571	0.428571	0.000000	
MZ22521767	MZ22521498	16	0.297340	0.464213	1.000000	0.422495	0.577505	
MZ22513427	MZ22511280	0	0.000000	0.764706	0.684211	0.684211	-0.000000	
MZ22520278	MZ22523370	59	0.012603	0.099337	0.843939	0.066812	0.777127	
MZ22529209	MZ22524733	0	0.109079	1.000000	0.772971	0.895186	-0.122215	
MZ22509118	MZ22500963	48	0.256168	-0.193873	-0.003467	-0.093864	0.090397	
MZ22529135	MZ22515350	32	0.024075	-0.017548	0.861803	-0.012923	0.874727	
MZ22528813	MZ22524150	0	0.000000	1.000000	0.882353	0.882353	0.000000	
MZ22531015	MZ22525780	28	0.054255	-0.016198	1.000000	-0.007391	1.007391	
MZ22527979	MZ22510562	0	0.772741	0.933333	0.755242	0.914440	-0.159198	
MZ22522486	MZ22516705	48	-0.022974	0.174812	0.312490	0.125365	0.187125	
MZ22527539	MZ22524913	0	0.000000	0.857143	0.750000	0.750000	-0.000000	
MZ22530641	MZ22515923	0	0.000000	1.000000	0.882353	0.882353	0.000000	
MZ22524393	MZ22513599	33	0.216611	0.090989	0.875875	0.113158	0.762718	
MZ22528797	MZ22519827	30	0.003897	-0.015156	0.732074	-0.012914	0.744989	
MZ22528875	MZ22513314	0	0.859839	0.514403	0.463286	0.557583	-0.094296	
MZ22503562	MZ22507874	30	-0.126194	0.465470	0.818521	0.366859	0.451662	
MZ22528169	MZ22512960	0	-0.500000	0.642857	0.500000	0.500000	0.000000	
MZ22506809	MZ22509191	39	-0.193607	0.300546	0.931958	0.222522	0.709436	
MZ22520997	MZ22515611	0	0.326845	1.000000	0.723227	0.873783	-0.150556	
MZ22531194	MZ22517741	0	0.000000	0.871636	0.745402	0.762682	-0.017280	
MZ22530125	MZ22523278	24	0.141341	0.025814	1.000000	0.039405	0.960595	
MZ22530426	MZ22523278	0	-0.500000	0.025814	-0.125651	-0.036046	-0.089604	
MZ22528765	MZ22520257	26	0.117721	-0.030886	1.000000	-0.012310	1.012310	
MZ22528218	MZ22509788	0	1.000000	0.489002	0.516451	0.516624	-0.000173	
MZ22530161	MZ22515305	0	0.738963	0.640567	0.490257	0.657931	-0.167674	
MZ22528909	MZ22516877	32	0.012807	-0.012586	1.000000	-0.009765	1.009765	
MZ22516940	MZ22516071	0	0.666667	0.577681	0.575295	0.594366	-0.019071	
MZ22508040	MZ22503867	0	-0.339057	0.333333	0.173090	0.221268	-0.048178	
MZ22528963	MZ22521696	0	0.129838	1.000000	0.759625	0.891230	-0.131605	
MZ22528983	MZ22509788	0	1.000000	0.489002	0.516451	0.516624	-0.000173	
MZ22528651	MZ22504918	0	0.750000	0.086849	0.040462	0.234216	-0.193754	
MZ22506348	MZ22507135	42	0.022845	-0.000628	0.918516	0.003514	0.915001	
MZ22506632	MZ22502318	35	0.555036	-0.106270	0.152597	-0.001853	0.154450	
MZ22530558	MZ22506226	0	1.000000	0.940128	0.939552	0.947612	-0.008060	
MZ22528532	MZ22523837	26	0.273290	0.028614	1.000000	0.055800	0.944200	
MZ22528993	MZ22513478	0	-0.500000	1.000000	0.823529	0.823529	0.000000	
MZ22510658	MZ22509401	27	0.141884	0.436988	0.938710	0.387804	0.550906	
MZ22504397	MZ22500913	66	0.001387	0.061681	0.044201	0.040401	0.003801	
MZ22518612	MZ22503849	24	0.674604	0.084059	0.295479	0.188273	0.107206	
MZ22530094	MZ22523230	0	0.000000	0.882631	0.770651	0.784561	-0.013910	
MZ22518279	MZ22511606	42	0.129083	-0.073432	1.000000	-0.037694	1.037694	
MZ22526887	MZ22512079	0	0.976067	0.800000	0.778479	0.820714	-0.042234	
MZ22519119	MZ22518135	7	-0.422445	0.308975	0.089929	0.171834	-0.081905	
MZ22523024	MZ22514750	0	0.500000	0.983366	0.871970	0.875951	-0.003981	
MZ22530435	MZ22514296	0	1.000000	0.857143	0.875000	0.875000	-0.000000	
